11
23
21
14
15
18
20
16
16
13
15
14
10
12
14
17
25
20
12
13
15
18
17
16
15
18
18
18
16
16
15
17
12
13
18
18
18
13
17
19
19
19
22
16
16
18
14
17
16
15
14
23
18
19
23
223
18
20
15
18
20
15
14
17
22
18
21
19
17
17
8
13
18
20
18
22
14
21
12
123
12
17
16
21
24
16
14
17
21
19
16
20
22
19
15
18
21
14
21
16
26
16
16
23
16
12
17
17
20
24
15
17
23
13
16
17
18
16
21
20
12
17
10
115
21
16
14
20
18
17
18
25
15
20
15
12
15
22
14
13
14
15
22
10
15
16
13
21
22
15
20
16
9
24
14
17
17
12
18
18
14
21
22
18
13
25
14
21
17
18
20
21
15
19
13
9
14
22
19
123
16
19
19
14
17
19
20
16
25
15
19
18
19
18
16
19
18
16
22
20
20
20
20
18
18
19
14
13
18
20
20
14
13
16
22
14
21
22
19
20
17
15
13
12
20
9
17
16
13
17
13
13
15
18
15
121
14
14
11
16
14
17
16
15
16
25
15
15
21
14
15
13
17
22
16
12
24
18
18
21
19
16
16
18
22
19
14
15
19
14
17
18
21
126
21
17
21
14
17
17
14
13
19
15
9
23
19
14
18
20
13
18
19
17
22
15
14
15
20
14
17
16
19
14
20
14
13
22
15
19
22
20
19
18
17
14
16
15
21
17
19
18
24
17
20
23
15
17
16
14
12
119
13
11
19
18
18
14
15
15
20
16
13
17
17
19
19
15
21
23
16
12
15
14
19
13
17
17
22
13
18
14
14
13
18
17
19
17
20
18
23
21
14
22
25
16
19
17
26
15
18
18
17
24
16
17
24
25
18
11
116
18
16
16
17
21
13
17
19
20
19
15
13
19
16
