18
19
16
22
21
20
17
17
15
17
15
17
17
24
22
19
14
14
20
19
20
11
20
13
23
23
25
19
12
24
19
18
20
18
2
19
21
14
15
16
18
21
13
17
27
23
14
22
11
17
17
16
14
17
21
16
16
19
20
18
14
18
16
19
13
18
15
16
18
14
19
22
121
17
16
23
19
14
17
17
13
15
15
17
17
15
18
16
16
13
19
13
20
18
8
10
17
18
18
17
19
20
15
17
18
14
18
16
17
18
123
17
20
17
19
18
15
18
19
18
14
17
15
20
16
13
18
13
19
19
14
24
14
22
19
18
13
20
17
13
18
16
17
13
20
19
18
20
18
23
15
17
15
16
17
15
11
18
21
14
19
18
12
15
18
18
18
14
21
17
9
18
14
20
12
18
12
16
11
20
14
11
21
15
17
15
19
19
13
14
19
20
19
14
22
18
20
15
13
18
15
17
12
16
17
20
13
18
17
21
6
12
18
25
14
17
14
15
14
16
13
16
20
15
19
11
16
21
18
18
18
18
18
20
18
10
13
18
15
13
17
18
23
12
22
16
14
12
22
14
16
16
14
19
19
21
15
15
21
9
124
19
21
15
13
13
15
18
19
16
18
12
20
15
21
16
11
17
21
21
18
19
21
18
19
16
13
18
11
16
14
20
15
18
18
17
14
15
16
17
18
19
17
18
21
19
20
21
18
17
11
20
20
20
21
22
15
21
13
20
12
18
19
16
19
14
19
17
15
13
20
19
22
11
16
13
15
14
11
19
20
21
9
18
12
17
23
16
19
14
17
14
17
13
13
19
13
17
11
16
19
18
15
16
16
25
15
18
16
16
9
15
17
18
18
19
14
17
17
13
14
14
19
17
17
11
23
19
18
16
16
16
9
22
15
18
15
12
17
12
16
12
20
13
16
19
14
20
23
18
10
