19
13
16
18
14
12
17
15
13
21
16
17
124
17
20
20
20
13
17
21
123
19
14
19
15
13
14
22
21
17
14
17
12
19
17
16
16
13
12
18
14
14
22
24
18
15
14
21
22
16
14
19
13
19
20
24
15
11
13
18
19
13
18
17
16
19
13
17
19
21
14
20
18
18
24
16
19
21
16
14
17
17
20
13
17
18
10
14
17
12
12
21
12
16
26
21
21
19
16
17
14
13
17
14
7
21
19
16
20
18
19
13
19
22
24
14
21
15
23
22
20
20
13
21
14
13
17
15
18
19
25
12
17
16
21
11
21
15
17
17
20
25
15
11
17
14
19
12
21
22
17
13
17
14
18
15
14
21
14
22
16
17
19
12
15
16
23
24
15
15
16
13
18
15
15
23
20
20
17
20
14
15
18
22
14
13
18
17
18
15
12
17
14
17
17
19
17
21
16
16
24
19
18
18
18
23
17
10
16
23
19
23
25
16
22
20
20
17
16
11
18
9
23
19
15
13
18
16
11
20
19
14
23
12
16
10
21
17
19
15
17
11
20
17
23
9
13
13
14
13
12
17
17
18
21
21
20
13
17
14
18
20
12
16
27
17
17
14
17
13
24
15
21
11
11
16
16
16
14
18
12
14
20
16
21
17
15
25
18
15
14
17
6
20
13
16
18
15
16
21
17
15
16
12
16
16
20
22
23
17
19
23
16
11
16
19
14
14
15
15
9
19
18
21
23
16
16
0
25
15
16
14
15
19
15
15
16
20
20
16
20
13
20
19
14
17
17
19
13
14
17
20
25
19
17
19
18
22
23
14
13
16
15
16
21
18
13
22
14
13
19
17
11
22
19
20
15
21
22
17
14
16
20
12
20
14
19
21
20
17
14
19
17
14
11
14
13
13
17
18
18
13
15
23
18
17
15
16
16
16
16
17
19
