16
10
12
14
16
14
16
22
15
14
18
17
13
12
19
17
9
17
15
13
21
11
19
15
15
19
21
18
21
25
18
13
11
20
18
15
17
16
18
19
14
17
13
16
13
19
16
26
21
10
17
18
16
14
12
9
15
20
17
20
17
17
14
13
19
13
17
17
20
19
14
19
15
16
24
19
19
21
20
24
20
122
14
14
20
19
17
12
20
21
17
11
10
17
17
19
11
13
12
19
22
13
21
15
12
17
20
20
17
15
11
22
17
14
13
15
21
18
20
16
20
16
14
7
20
9
13
12
16
13
15
24
21
15
20
16
14
9
16
11
19
22
13
21
17
16
121
19
18
125
13
19
20
19
15
15
15
26
19
15
17
19
21
12
21
17
14
18
16
11
17
11
20
21
12
18
12
16
11
16
17
21
19
22
20
19
16
22
15
18
20
20
17
16
15
18
11
17
16
17
17
11
16
12
11
17
17
19
123
14
13
10
16
19
20
15
14
12
19
14
19
16
12
16
18
17
18
16
14
21
23
16
17
14
17
15
18
13
18
17
14
15
13
23
15
20
11
16
13
14
16
18
13
21
16
12
15
12
18
19
16
17
21
20
13
15
13
11
12
15
11
19
15
12
12
21
15
18
12
17
16
14
124
20
15
9
16
18
11
16
19
21
19
17
17
15
15
21
10
20
13
20
11
16
17
14
19
20
14
11
13
17
20
25
19
13
16
20
16
17
21
24
17
20
15
10
16
19
20
18
18
19
22
20
18
14
8
16
19
21
18
12
16
13
17
20
13
16
18
15
17
18
13
16
23
13
15
17
17
18
16
19
20
19
16
13
15
12
19
16
20
17
21
15
26
21
21
22
20
23
14
115
15
23
20
19
22
20
21
20
11
24
16
13
11
19
20
21
17
16
16
12
18
17
17
20
16
14
16
0
21
23
17
16
18
17
14
19
15
15
20
