16
16
20
18
22
17
25
15
17
10
12
20
13
13
13
12
14
16
12
16
16
17
18
22
12
19
18
11
17
15
16
14
18
11
24
12
12
16
16
15
17
18
17
14
15
15
21
17
13
15
18
23
19
20
13
20
11
17
17
121
18
13
23
115
23
17
12
14
21
21
16
12
13
17
19
20
15
19
16
19
20
17
14
15
18
19
21
16
15
25
17
16
14
19
25
15
22
18
18
17
13
19
10
20
15
19
14
15
23
12
18
19
4
19
19
19
21
21
19
15
16
18
15
15
14
10
17
17
17
16
18
17
17
15
22
22
14
15
20
17
13
18
19
8
25
21
18
16
18
18
14
19
17
14
16
9
16
12
15
15
18
15
17
17
17
17
13
15
16
13
20
15
14
20
12
7
18
18
25
17
19
19
15
15
15
20
14
17
22
22
10
19
17
13
13
19
11
13
15
13
12
12
18
15
22
14
10
17
12
13
16
13
22
17
9
13
16
14
16
10
15
19
16
20
14
21
14
129
16
15
8
22
16
16
18
20
12
13
19
17
22
18
18
16
18
11
26
15
16
16
20
18
11
21
22
17
13
15
12
28
23
20
13
14
16
18
16
18
21
14
18
19
19
16
13
20
21
15
15
20
13
19
20
19
22
19
13
19
13
13
16
13
21
12
12
22
17
22
13
21
13
15
16
23
17
23
17
18
21
23
21
13
15
18
16
14
20
16
15
19
19
16
15
13
16
18
20
21
23
13
17
13
23
18
19
23
22
19
16
19
13
15
14
15
16
19
22
9
19
12
12
20
13
19
15
12
15
13
14
18
19
22
16
22
19
22
19
19
16
18
17
22
12
18
9
16
119
19
18
11
17
12
27
17
20
19
20
17
17
23
13
22
15
28
17
20
17
18
19
18
14
16
19
21
24
16
17
19
14
13
18
22
19
17
17
11
16
19
