14
15
18
25
16
16
13
17
14
16
15
16
19
22
23
15
21
19
20
15
16
18
20
16
13
14
21
21
21
14
19
20
15
19
18
25
16
21
21
17
18
11
18
19
15
17
22
15
18
19
19
14
15
20
20
17
10
25
14
18
118
16
12
15
17
18
21
16
17
16
22
21
16
21
14
21
14
16
21
25
18
21
17
21
17
18
16
24
12
24
20
21
18
21
17
19
16
18
17
16
19
15
120
18
16
16
15
21
23
15
15
19
16
18
15
16
20
12
13
18
15
21
18
17
13
16
14
18
14
15
13
19
17
14
19
12
12
17
23
23
16
13
9
19
14
12
16
24
10
13
15
18
20
15
22
17
22
20
18
20
17
20
9
17
21
17
16
17
18
12
21
14
17
22
13
14
18
13
20
15
12
15
14
21
22
22
22
14
17
17
16
21
16
14
14
20
16
15
18
14
18
13
24
13
15
14
21
18
21
13
23
19
16
15
19
11
21
16
15
16
18
17
15
20
16
20
19
19
22
25
20
17
17
16
23
15
115
20
17
22
14
14
14
16
17
26
18
14
24
16
15
16
18
20
14
17
17
18
18
18
14
15
22
13
19
16
15
18
18
15
17
22
14
17
20
19
23
17
13
21
18
16
23
21
116
11
19
20
20
17
20
21
17
17
22
14
18
13
14
14
14
14
16
24
15
19
17
19
18
19
15
18
23
18
18
21
14
17
21
19
16
14
21
18
14
13
14
15
15
19
16
14
18
22
15
22
19
20
21
14
17
20
23
16
20
17
15
16
15
23
15
16
20
15
18
23
15
20
11
24
19
23
21
17
18
14
21
13
17
20
21
20
20
19
13
18
18
19
14
10
14
14
19
18
18
16
16
19
19
25
19
17
12
18
17
19
20
12
16
12
13
14
16
