19
20
21
17
17
13
18
18
16
16
23
19
12
22
115
13
20
18
19
17
17
16
14
18
18
16
125
24
16
13
15
22
16
15
20
16
18
15
19
18
19
15
14
16
14
24
17
17
24
16
11
17
23
20
18
18
21
19
26
14
14
15
17
18
17
17
18
17
14
15
22
23
21
20
18
14
22
19
18
21
17
11
23
14
16
17
11
19
18
9
10
15
16
22
16
21
17
18
19
19
17
19
16
18
25
21
17
19
20
17
13
10
17
15
18
17
16
17
13
17
13
12
0
23
20
17
20
11
10
18
11
18
17
16
13
18
18
20
16
11
20
13
15
13
24
19
0
14
18
21
25
15
20
15
16
19
14
15
20
21
16
21
16
11
20
17
19
22
13
13
19
19
13
15
17
19
20
12
13
18
22
18
18
20
15
15
14
17
16
19
17
21
11
18
16
18
16
18
12
19
22
20
20
19
10
10
19
15
13
18
18
16
20
16
18
16
23
22
14
24
12
23
20
118
20
8
18
16
19
16
18
22
15
19
13
17
20
14
11
21
20
17
18
17
17
16
12
15
18
21
18
17
16
18
20
21
15
19
14
20
122
20
14
19
16
16
16
17
22
22
14
24
18
14
18
17
19
17
17
20
19
15
14
17
14
15
13
17
15
17
18
16
14
12
17
18
19
15
20
19
13
24
13
17
13
18
17
22
20
14
14
13
15
15
13
17
14
16
18
17
14
14
14
18
20
27
14
9
16
12
22
19
19
15
15
16
19
17
13
18
19
20
17
15
18
13
19
15
15
17
18
19
14
15
13
13
23
19
24
12
11
19
20
14
23
13
19
17
23
16
17
18
11
17
18
20
16
14
18
26
21
15
0
17
13
24
17
18
16
17
11
16
20
23
18
17
16
17
20
14
17
14
12
18
18
16
17
18
16
12
18
11
11
