15
11
16
18
15
15
14
21
17
12
19
25
22
17
17
16
21
16
14
18
13
13
17
23
19
17
10
13
17
17
127
16
14
15
16
19
20
17
20
18
14
17
15
22
16
128
23
14
14
20
17
19
18
18
19
14
11
21
18
19
14
19
16
16
15
12
10
12
18
13
12
20
14
16
12
15
17
19
13
16
21
16
16
13
22
21
22
18
19
18
14
19
20
16
21
18
19
19
12
16
19
20
20
18
23
12
15
22
17
22
17
19
16
15
19
18
18
16
20
20
21
19
16
15
19
22
22
14
14
20
17
14
19
17
17
15
16
21
16
21
120
17
19
15
21
13
14
18
15
13
18
20
19
17
12
21
22
22
14
15
15
18
19
13
16
9
20
16
12
19
14
23
23
20
15
17
14
13
15
18
18
13
11
15
19
12
21
20
12
11
13
13
15
18
14
15
19
7
17
23
14
11
15
19
19
16
12
19
17
15
20
18
17
20
14
17
19
23
15
15
20
15
18
17
14
17
21
18
20
14
19
16
12
16
17
20
14
22
17
19
17
20
8
16
16
18
17
20
16
17
19
21
14
19
20
17
20
19
19
22
20
22
0
16
20
13
17
18
16
20
20
18
24
16
15
10
17
21
16
22
20
22
16
12
16
16
16
17
13
13
17
23
13
13
16
15
20
14
19
17
15
13
22
14
18
19
15
21
20
123
21
19
19
17
22
26
11
11
23
17
21
22
19
19
16
21
22
18
18
18
22
18
11
26
18
17
20
20
17
13
21
14
16
15
17
22
16
17
11
20
12
19
17
22
17
16
16
19
117
21
17
18
19
14
12
20
22
121
19
17
17
22
123
17
20
16
15
17
14
21
25
23
17
23
18
21
15
18
18
19
19
20
18
14
24
17
15
14
20
21
13
15
17
25
