17
14
12
19
12
18
22
14
16
24
19
20
16
19
18
14
14
17
14
15
19
16
13
16
22
16
7
17
20
18
18
17
23
12
17
12
11
15
13
13
23
20
15
20
19
23
14
14
15
17
15
11
17
25
16
16
20
21
15
21
21
18
13
11
13
22
20
16
11
15
12
15
124
16
16
14
21
21
17
14
19
19
15
16
19
17
17
122
19
17
15
20
18
16
14
12
19
14
19
19
19
19
16
14
13
18
15
14
17
12
23
9
17
21
22
15
21
18
15
15
17
9
14
19
14
20
15
19
22
20
21
16
19
21
19
12
19
18
13
18
17
18
17
20
16
19
11
14
14
22
24
20
18
15
13
20
19
14
14
16
16
20
18
17
11
19
119
15
19
23
21
20
28
24
22
18
19
19
20
121
21
19
21
14
17
9
16
20
15
21
18
17
15
20
19
23
17
18
19
11
16
14
13
21
21
15
116
17
19
18
21
14
22
25
22
21
16
16
14
16
16
14
13
17
12
18
12
15
16
24
16
19
16
20
12
17
19
19
19
22
20
15
17
14
19
19
22
20
17
18
16
17
15
16
17
15
18
24
15
13
17
21
19
14
10
13
17
16
10
13
14
13
19
227
19
12
9
21
12
19
17
17
19
18
19
21
19
20
15
21
21
17
17
18
18
125
15
16
20
19
21
14
22
21
19
20
14
24
19
17
13
11
19
11
13
16
22
20
29
24
16
14
14
16
15
14
19
16
16
16
19
16
22
24
19
15
20
15
19
21
12
19
13
13
20
14
13
9
18
18
22
19
16
18
18
9
17
20
21
19
14
20
18
21
14
19
17
12
16
11
14
15
6
17
13
19
21
16
19
19
15
12
17
14
13
19
16
21
16
18
16
20
16
21
16
13
17
11
21
21
15
20
10
20
20
16
14
19
