13
15
17
14
10
20
18
19
12
20
15
14
17
13
16
20
118
19
16
14
21
17
19
21
19
15
17
20
13
17
19
17
17
13
18
18
11
21
20
14
14
123
15
22
18
11
19
18
19
18
19
16
18
11
21
17
15
25
123
17
20
18
18
15
21
18
18
16
22
10
17
25
18
19
19
17
19
21
13
12
12
17
15
17
19
20
21
16
20
11
21
19
18
20
13
18
18
15
19
17
20
19
12
20
12
16
22
26
16
19
15
16
12
13
15
15
18
20
13
11
16
16
14
17
21
19
20
9
14
15
18
18
17
23
17
22
18
14
16
18
20
13
22
10
18
22
20
18
18
16
17
18
22
21
23
7
18
15
12
17
21
12
17
17
20
17
17
20
17
18
21
15
19
20
20
17
18
24
18
15
18
13
18
14
18
23
17
16
23
19
18
21
19
12
24
21
17
16
12
18
17
0
15
20
17
15
19
20
15
25
14
23
14
13
22
18
13
23
17
19
18
18
16
13
16
13
21
19
13
19
14
17
20
17
12
13
18
19
23
20
12
14
12
23
17
17
13
121
18
20
21
16
13
18
12
12
24
17
19
126
18
15
18
16
11
14
19
12
21
18
17
15
23
20
14
19
15
15
20
23
18
14
16
20
14
22
13
14
14
23
16
19
19
19
21
19
14
19
18
16
14
20
18
17
23
17
21
11
12
18
15
16
16
18
15
19
17
11
22
20
18
18
9
19
23
15
23
19
16
19
17
14
14
16
9
16
14
19
15
15
25
16
22
22
15
14
18
14
17
16
15
10
15
18
16
13
18
21
16
14
20
14
15
13
23
25
16
9
16
16
20
13
14
16
13
19
11
18
17
9
19
19
16
20
12
13
18
17
18
18
23
14
24
18
18
17
15
21
21
14
20
14
19
9
15
17
124
15
20
