15
13
16
21
16
16
21
15
17
14
15
13
15
21
15
22
20
13
15
14
15
17
18
13
19
23
12
16
13
10
14
21
19
17
18
23
15
21
12
21
14
17
16
7
14
19
17
11
16
18
12
15
11
21
25
17
16
16
13
12
21
13
21
17
16
19
14
17
18
21
20
19
14
21
21
19
15
18
15
15
15
20
16
11
13
12
18
18
14
14
14
19
21
16
11
20
23
15
16
13
15
15
18
17
18
19
17
17
18
14
17
18
20
17
21
18
12
11
22
12
20
21
19
15
17
20
16
17
10
13
18
23
119
13
3
15
17
15
23
13
20
22
19
15
18
18
14
26
15
20
14
15
22
14
23
17
15
23
22
21
18
22
20
27
13
16
12
17
18
17
20
12
16
11
0
16
14
17
18
15
17
23
23
9
19
17
14
14
18
12
20
14
18
20
25
15
14
21
18
17
13
17
13
17
19
19
20
15
13
15
27
17
17
13
19
16
10
19
17
13
15
21
13
18
19
19
22
121
18
14
18
15
21
21
18
20
13
13
19
17
18
15
15
22
15
17
124
18
19
119
19
23
19
20
21
20
22
19
17
19
14
20
218
14
14
17
18
20
17
18
20
17
25
17
12
15
20
16
9
10
21
11
13
16
16
17
19
20
22
23
11
16
16
15
17
9
19
12
17
19
15
21
15
15
24
18
15
14
17
14
14
18
13
13
22
19
24
16
16
19
13
19
17
18
17
13
9
15
19
16
15
18
17
11
14
17
19
17
14
19
17
19
13
15
19
15
18
16
20
14
120
15
15
15
18
12
22
10
16
18
18
18
17
22
23
22
13
13
17
14
15
16
14
18
22
24
21
15
17
15
16
20
13
20
19
20
21
17
14
21
12
11
11
14
19
19
20
15
16
15
22
22
17
18
16
25
18
22
25
21
14
19
10
21
