15
15
20
14
17
16
21
20
12
20
11
17
118
121
14
16
16
15
20
18
19
15
17
20
16
18
24
18
21
21
22
10
17
18
13
17
18
22
14
20
12
18
18
11
19
22
19
16
17
18
17
11
19
21
16
23
15
22
13
14
9
18
18
15
20
25
12
25
21
19
16
15
15
20
18
17
15
23
15
18
16
20
17
23
13
18
20
15
10
19
15
19
15
19
20
17
19
18
21
14
17
16
15
21
13
21
20
16
15
17
23
19
9
12
17
13
18
20
17
15
15
20
17
22
22
17
19
15
17
16
13
21
17
21
21
15
8
21
20
14
20
19
13
19
18
16
14
18
11
15
10
18
16
19
15
11
22
20
25
18
24
128
15
13
26
12
17
18
23
13
17
14
17
19
20
14
15
17
19
25
12
15
13
17
17
15
22
16
16
15
17
19
17
12
16
21
18
14
15
11
19
19
16
17
19
18
21
16
21
14
23
22
22
12
11
18
17
20
15
18
18
14
15
14
12
15
14
18
19
11
16
18
15
15
11
20
17
18
18
14
19
15
16
20
14
14
14
21
16
15
16
22
17
15
22
19
19
22
12
14
17
15
22
113
15
19
26
20
16
19
18
17
17
17
12
15
17
11
14
124
12
12
15
16
15
15
12
18
9
17
16
15
19
19
18
15
9
25
14
18
17
10
13
16
22
22
14
21
15
19
10
14
18
23
15
18
15
15
19
14
18
13
12
18
18
19
17
18
19
21
20
18
19
18
10
16
14
23
14
22
16
18
23
17
21
22
119
11
18
14
17
10
21
14
21
24
23
16
14
18
14
15
14
17
18
18
13
18
19
19
21
15
18
12
18
12
20
18
20
18
14
15
14
18
17
18
15
13
18
18
21
17
15
24
17
22
20
15
11
20
17
19
19
13
14
24
23
17
11
15
22
16
