25
18
22
15
20
16
19
16
17
22
16
21
11
19
16
15
12
16
13
17
17
21
15
13
22
17
125
21
21
21
18
23
15
15
18
15
20
15
18
19
19
22
15
12
13
19
13
15
17
17
13
15
19
17
17
14
20
16
17
16
16
16
21
22
12
22
16
15
22
16
24
119
115
22
17
16
17
19
15
18
20
17
18
15
19
22
20
17
14
19
21
17
22
19
19
118
17
13
19
15
16
18
15
23
19
29
14
12
8
14
18
21
22
18
24
17
11
23
22
19
14
19
15
16
11
19
21
24
19
19
15
19
22
18
19
15
14
19
16
19
14
17
11
23
20
14
13
17
20
15
22
18
16
22
15
19
18
18
18
16
18
15
20
18
16
16
15
17
19
21
19
23
16
12
18
21
22
19
18
15
13
16
15
19
21
15
10
16
13
18
18
18
19
22
21
18
16
10
17
13
22
15
16
17
18
17
17
13
14
20
9
23
12
20
19
19
19
23
22
13
21
15
23
17
23
13
18
16
15
11
18
14
17
18
19
27
22
20
21
17
18
18
120
17
16
18
17
12
15
15
24
20
18
13
13
17
13
16
15
14
16
19
20
19
21
22
16
15
14
18
18
18
15
20
13
17
20
19
17
21
22
20
11
16
20
19
16
12
16
23
15
18
120
22
20
11
24
11
19
19
19
17
15
21
10
21
9
17
17
15
18
22
16
15
24
14
16
19
21
14
17
15
13
17
15
10
11
18
15
12
19
8
16
14
23
14
17
16
21
20
20
15
17
19
17
17
24
19
21
17
24
17
14
14
23
15
13
18
18
9
20
19
17
21
13
17
15
13
16
18
14
23
15
15
22
12
13
15
11
17
19
18
19
19
12
18
15
17
22
14
16
16
18
19
19
14
11
15
17
20
16
14
19
13
