19
19
17
16
17
16
17
13
22
21
26
16
21
20
20
14
16
17
16
18
18
17
17
18
18
15
23
18
20
11
18
19
12
26
18
16
17
16
16
25
19
24
14
18
18
22
13
17
19
19
15
13
23
18
13
20
15
22
13
16
10
11
12
22
17
17
17
16
16
21
20
19
13
15
18
17
119
19
16
15
20
12
14
14
13
24
21
18
19
18
20
21
11
20
17
12
17
14
21
15
122
16
16
10
14
22
16
14
13
21
15
12
20
15
16
15
20
117
22
19
22
13
16
18
13
14
15
15
18
18
17
19
23
12
17
18
19
16
11
17
20
16
14
16
18
16
17
16
17
17
19
13
23
21
16
17
15
13
16
18
18
15
18
18
15
20
20
22
12
18
16
25
22
17
13
18
20
18
10
17
20
16
19
23
12
17
19
8
20
18
13
18
16
14
14
15
19
13
17
17
17
18
17
18
13
24
16
21
24
12
17
14
25
20
14
15
19
16
20
10
16
21
11
14
16
16
21
20
19
16
18
13
16
16
17
20
14
13
16
19
19
12
14
13
21
21
19
22
18
15
24
22
18
18
15
15
118
16
10
17
19
17
21
20
13
13
19
19
13
14
13
17
16
22
17
18
15
12
20
16
15
15
20
10
13
20
21
16
18
11
19
13
15
16
13
14
15
20
21
17
15
17
22
11
21
18
18
14
20
15
23
21
18
10
17
13
21
10
21
19
20
17
18
17
11
19
21
20
20
18
14
20
16
20
12
18
19
13
24
20
15
15
19
18
14
22
15
18
19
18
19
16
127
17
19
22
13
17
17
17
15
16
13
16
16
12
18
13
22
22
20
19
24
19
15
11
13
21
20
19
116
23
19
21
18
17
20
11
17
15
20
21
121
16
13
13
19
21
18
22
18
18
20
26
15
20
11
