19
13
18
19
12
17
16
20
10
18
16
15
17
12
18
23
18
19
19
19
15
17
16
16
18
19
23
18
16
20
0
15
19
20
16
23
21
12
15
17
10
18
17
16
19
16
20
17
14
19
14
20
17
13
13
21
15
14
16
17
16
11
21
14
13
22
18
19
14
17
16
18
18
14
17
20
18
16
11
21
22
19
19
16
26
20
15
21
23
16
13
21
21
17
14
22
18
19
20
16
17
19
13
23
17
21
16
17
22
15
18
9
22
14
16
17
17
16
18
16
15
17
18
18
21
15
19
14
21
12
11
19
21
20
17
12
17
11
21
21
24
16
22
17
20
12
20
19
15
17
14
15
17
17
13
15
19
17
18
25
21
11
13
19
19
19
15
15
18
13
15
18
16
16
123
12
17
24
18
14
22
16
14
13
13
15
19
13
18
15
120
13
18
18
19
18
11
20
11
15
11
10
18
21
15
17
12
10
19
15
16
15
15
19
14
17
17
21
11
18
14
19
18
17
18
16
16
15
19
16
20
19
14
11
18
16
19
9
15
18
19
15
16
22
17
16
16
24
17
18
19
15
15
19
16
13
13
18
16
21
15
17
18
19
17
17
18
13
14
17
20
16
18
19
23
21
18
19
19
20
16
16
15
19
17
17
17
18
18
18
21
17
16
15
17
17
20
15
20
11
24
15
15
17
18
14
15
16
12
9
16
17
15
16
14
16
14
23
20
14
18
21
16
19
14
18
20
15
20
15
24
15
11
0
16
19
19
17
12
23
27
25
17
18
20
18
22
120
18
17
13
17
13
15
19
16
12
19
17
22
16
17
13
17
18
19
22
14
14
10
17
15
13
18
17
19
23
13
14
14
16
11
24
24
15
19
19
17
25
18
11
19
14
20
17
20
16
20
13
16
19
12
21
17
13
19
18
18
22
14
14
