16
19
19
18
12
11
19
16
15
20
15
18
18
11
20
20
21
23
15
17
15
20
15
13
22
16
12
17
16
14
0
11
22
13
18
17
17
16
19
27
21
123
20
21
16
19
19
19
16
17
20
19
11
16
18
17
25
17
19
20
18
15
14
21
17
12
16
10
14
17
12
14
17
10
18
17
18
12
14
23
6
15
17
19
15
14
10
20
16
21
16
18
15
21
14
16
17
17
14
120
20
20
18
21
20
18
15
20
19
19
13
18
17
14
17
24
16
19
9
18
15
18
10
20
19
17
15
23
13
13
13
23
11
8
21
17
16
14
16
16
20
13
12
15
22
12
20
20
18
18
16
17
20
16
21
16
11
15
18
21
15
15
18
12
20
17
17
15
16
14
19
17
23
15
15
14
16
23
16
19
14
14
23
16
16
15
17
14
23
9
15
20
23
14
14
18
19
16
21
18
18
16
18
21
15
18
18
20
14
22
119
19
11
19
16
15
11
14
10
14
21
18
22
13
16
16
19
17
18
16
18
23
13
24
22
19
15
22
17
16
18
15
19
18
17
16
20
14
18
15
14
18
18
21
19
17
22
18
23
16
13
17
16
17
11
19
22
21
18
16
24
121
22
16
17
17
13
122
16
21
18
23
18
17
18
12
16
16
0
19
19
13
13
18
17
20
13
12
15
17
17
20
16
15
16
17
16
18
20
19
16
22
16
18
13
125
19
22
16
20
12
14
24
20
17
16
18
17
16
17
13
20
14
12
19
16
24
15
13
21
23
20
16
16
13
18
12
19
14
15
26
16
18
16
21
21
13
15
20
15
17
18
22
16
23
16
13
16
22
18
16
14
19
22
18
21
9
130
17
14
16
19
14
17
14
12
24
25
13
22
19
14
17
17
18
14
19
9
14
21
19
11
16
22
18
18
18
19
10
123
