17
12
22
23
13
18
21
22
14
20
18
15
17
17
16
20
16
16
14
15
4
15
18
16
19
15
124
15
21
18
15
14
17
19
10
15
23
17
17
14
18
14
17
16
19
13
19
16
18
17
10
20
19
16
22
11
11
15
12
20
17
18
16
22
10
18
20
12
23
16
20
19
16
19
23
13
27
16
19
17
15
14
23
19
21
15
17
17
15
20
20
16
17
22
16
18
25
12
19
14
15
16
19
19
16
19
23
22
17
13
22
11
21
14
15
16
11
16
16
14
18
17
15
17
14
17
14
18
23
18
11
19
18
12
11
21
18
19
13
19
18
13
21
14
117
15
15
23
22
17
18
12
22
18
13
16
22
20
11
19
20
19
16
21
15
12
18
18
16
15
19
11
17
20
11
17
13
13
17
15
22
15
19
21
14
19
12
14
14
13
12
16
15
15
15
124
19
14
19
18
13
14
16
22
16
19
17
18
24
16
17
21
15
21
15
16
14
14
22
17
18
19
17
13
21
19
21
10
20
15
19
19
16
15
18
22
15
17
17
18
16
19
15
14
12
19
19
18
21
16
12
19
19
18
17
18
17
21
24
15
21
18
19
17
23
19
4
17
13
14
18
15
18
18
15
15
12
13
8
18
19
13
15
22
17
15
19
15
16
15
20
16
14
17
17
19
17
15
14
14
20
23
14
17
18
18
19
14
17
29
20
15
10
17
10
21
21
13
19
27
0
21
15
22
20
13
15
20
16
14
24
16
18
14
11
18
18
22
20
16
17
11
10
20
21
13
14
15
10
13
21
12
24
15
124
12
15
19
22
13
20
16
15
125
13
0
15
19
22
14
17
13
11
20
15
13
17
17
21
20
16
15
117
13
18
18
11
19
18
23
17
16
18
20
15
16
22
21
20
20
24
22
19
15
13
18
14
18
12
18
16
20
20
