16
15
22
18
9
18
20
17
13
17
17
17
10
15
19
17
19
21
18
11
18
16
13
17
16
17
21
18
21
19
22
20
17
11
18
22
17
19
21
17
14
11
17
14
18
24
16
24
17
13
12
15
16
16
21
18
15
14
20
21
19
23
18
14
20
22
10
18
19
20
14
20
10
21
11
20
23
17
24
12
122
17
18
21
15
6
22
17
21
15
14
25
17
20
19
21
18
16
17
14
20
13
21
19
12
21
18
14
20
14
17
23
17
19
15
21
15
21
11
14
23
14
120
23
18
20
28
16
13
15
19
25
15
19
17
16
17
12
10
12
21
25
11
11
19
13
21
15
10
14
18
18
14
20
24
12
13
15
21
19
21
13
118
15
11
18
16
15
18
16
17
19
17
18
16
13
19
21
16
12
14
17
15
16
20
24
18
7
22
23
19
20
20
18
11
11
21
18
21
18
17
17
19
10
20
20
15
21
21
15
18
18
15
19
19
12
14
16
14
17
19
19
17
14
14
21
12
21
19
19
16
17
16
14
19
21
18
17
17
9
18
11
25
17
18
19
17
13
19
12
15
21
13
15
14
13
16
15
11
15
14
16
15
17
20
14
22
17
121
21
15
16
18
15
24
17
17
18
14
17
18
19
17
22
19
7
20
24
9
16
13
20
18
14
23
13
20
16
15
13
12
13
18
15
17
13
14
16
18
14
23
19
119
16
19
21
22
23
16
18
18
16
14
17
20
19
21
15
11
18
22
13
11
16
21
15
14
24
20
15
24
18
17
20
16
10
125
14
18
18
19
22
13
19
16
16
17
16
16
15
18
23
9
16
13
21
20
23
17
18
15
21
20
0
21
19
16
19
14
20
19
14
18
19
16
13
21
15
13
20
16
16
21
17
15
22
25
17
17
17
19
12
19
17
21
13
22
14
