18
20
15
22
16
15
21
17
15
14
16
119
18
15
20
21
21
6
13
14
15
10
18
15
16
14
18
18
120
16
17
19
20
21
0
25
23
22
14
8
11
15
21
16
14
12
19
15
17
18
20
13
18
15
16
17
20
20
18
25
13
19
14
17
14
18
10
12
18
17
19
20
17
13
126
16
22
19
18
22
19
125
23
18
20
19
19
21
12
17
15
19
16
12
10
26
18
18
16
14
16
16
19
25
16
18
20
17
16
19
20
13
18
18
17
24
16
26
21
14
14
18
14
13
18
23
18
15
17
24
12
20
20
14
17
17
19
20
14
18
17
24
18
122
22
19
20
123
12
24
21
18
11
19
17
17
17
18
20
19
121
17
14
15
19
20
14
19
15
16
20
14
16
15
23
16
17
15
16
17
14
16
21
23
17
16
14
15
14
18
20
25
17
15
17
16
21
21
12
9
15
15
17
16
15
16
15
16
16
22
18
16
12
18
16
18
19
18
12
19
15
15
14
12
17
18
9
18
22
17
13
18
21
22
17
14
16
17
19
12
15
25
19
16
16
18
17
22
13
11
6
19
12
20
14
13
21
14
11
17
16
18
14
22
15
22
19
23
18
15
16
27
21
10
16
23
20
19
24
16
17
19
17
26
15
13
18
17
19
16
13
19
24
15
22
14
15
13
16
18
22
19
18
17
14
23
19
13
16
20
14
15
19
17
14
24
18
15
20
9
13
18
18
18
18
20
14
13
12
20
19
13
18
12
15
14
16
20
20
15
22
17
16
15
13
12
16
21
20
18
11
22
19
17
17
111
21
13
21
15
18
16
19
19
20
15
20
17
19
17
18
16
18
17
15
13
14
15
16
15
17
18
15
19
20
18
13
19
14
20
17
20
17
19
16
16
21
13
13
15
15
11
10
12
14
25
12
