19
14
13
19
26
18
22
13
19
14
19
17
15
17
21
14
20
13
21
22
15
12
17
9
17
16
123
17
17
23
14
13
24
21
21
20
18
19
15
20
19
14
15
17
14
18
16
17
17
9
16
17
11
10
117
19
12
20
15
19
17
13
14
16
21
17
18
11
11
27
14
21
12
14
21
13
12
19
18
15
121
10
23
14
18
22
16
19
15
21
18
16
14
19
21
13
19
18
17
20
20
18
15
2
18
16
18
15
21
14
17
16
20
19
15
20
22
13
18
18
12
11
15
19
20
18
19
19
18
14
15
14
19
15
13
14
13
16
14
15
19
20
19
17
19
24
17
17
16
21
16
17
19
10
18
13
11
16
18
21
14
13
19
13
15
23
17
13
21
16
17
14
16
18
22
15
19
19
14
20
11
16
22
15
13
18
12
0
15
23
17
22
18
20
16
14
17
17
15
18
21
21
12
23
17
21
18
20
19
18
20
20
18
19
17
18
19
7
18
22
16
13
0
19
12
12
16
21
23
12
17
12
22
18
16
17
20
22
18
21
15
17
17
13
15
16
18
20
21
17
19
19
16
19
19
17
12
18
17
15
17
24
17
16
18
18
14
15
22
16
10
18
15
16
18
19
24
14
14
19
13
12
16
15
18
12
21
14
22
17
17
19
15
23
15
9
19
9
116
14
12
12
17
16
16
0
13
13
12
16
21
17
17
13
20
125
15
17
19
16
17
11
13
13
18
16
22
15
19
17
11
20
24
16
17
13
19
14
18
14
17
17
19
19
16
16
11
16
22
19
14
17
12
13
15
15
14
7
14
13
16
17
16
17
15
17
15
13
20
10
9
13
16
17
22
18
16
11
15
19
20
12
18
21
21
17
7
15
20
15
17
17
19
14
16
20
16
17
16
14
14
20
20
19
122
21
19
19
20
122
23
16
16
24
12
14
22
25
22
