17
14
16
17
14
17
17
15
17
18
14
17
19
19
10
15
15
16
17
21
16
19
17
18
21
11
17
15
18
16
13
20
21
15
18
22
16
21
18
19
24
16
17
16
16
14
25
21
13
20
18
18
16
24
17
14
19
20
15
18
13
21
17
18
11
17
21
20
11
19
16
12
18
11
20
16
14
18
17
14
22
20
19
10
22
17
18
11
16
15
15
23
10
23
18
21
19
21
20
26
20
19
18
13
20
23
19
23
14
19
18
19
19
23
19
17
15
16
15
17
17
15
16
19
12
14
21
22
25
14
18
11
25
25
14
14
11
21
16
20
18
10
24
13
18
18
15
23
12
11
16
23
12
17
12
17
18
18
15
14
124
13
15
16
14
12
15
19
8
22
20
21
20
21
16
13
16
18
16
19
18
9
19
19
21
19
16
14
9
13
17
18
22
22
20
20
14
18
14
19
18
19
23
19
20
15
17
20
20
124
17
18
19
13
12
21
21
15
17
11
22
11
13
26
18
24
23
15
17
21
19
16
17
13
17
19
17
12
120
19
19
17
15
23
11
19
19
21
13
16
19
16
17
14
15
21
18
14
18
21
22
12
16
19
15
11
14
22
20
19
20
11
16
13
20
16
18
16
22
22
15
17
17
15
25
17
20
18
19
22
18
21
21
19
17
16
14
17
19
16
18
119
14
23
15
17
14
10
23
15
16
13
122
19
18
18
12
19
15
17
12
23
13
19
13
15
15
21
20
118
17
19
17
20
13
18
13
17
12
15
20
16
14
21
18
15
119
22
13
10
23
20
17
10
11
14
23
18
14
17
21
20
16
13
17
15
16
17
15
19
18
17
15
15
18
15
18
19
15
6
21
21
19
20
12
15
20
21
12
18
16
17
19
19
20
12
16
19
8
23
17
19
18
13
12
17
19
