15
24
20
13
21
19
12
15
12
19
12
13
14
16
14
9
15
23
20
20
17
18
21
17
19
21
23
15
16
19
13
16
20
18
19
15
18
11
17
19
17
15
23
13
19
16
13
10
8
24
20
24
11
22
18
20
15
12
15
13
16
15
18
14
11
16
17
19
17
15
11
21
19
12
18
17
25
23
16
13
24
15
18
9
26
14
21
14
16
22
19
15
23
28
21
21
20
122
21
15
15
28
18
15
13
25
17
16
23
10
24
21
13
17
8
9
17
13
15
17
16
17
18
25
20
21
16
15
17
18
22
17
14
22
19
11
17
16
16
12
14
15
18
16
17
13
14
15
18
20
11
22
13
10
15
15
19
16
26
12
16
16
17
16
16
16
14
16
20
14
15
14
22
14
21
13
13
19
16
21
20
23
16
18
23
15
21
17
21
16
17
15
17
18
12
19
15
14
15
21
13
20
12
22
14
12
14
19
15
21
16
11
16
17
12
14
12
13
12
15
12
16
16
14
18
18
17
21
19
18
14
12
21
21
18
21
12
17
14
117
16
19
19
27
14
16
23
20
23
13
10
16
17
17
15
17
14
19
14
18
17
12
11
17
17
14
16
13
16
21
14
12
16
17
16
15
18
15
12
21
21
18
11
13
23
16
15
21
17
20
16
22
14
16
19
16
18
7
20
20
18
14
17
11
22
17
20
12
22
18
19
17
10
12
21
17
21
19
19
17
19
13
15
17
20
20
17
9
18
26
17
19
13
16
21
20
21
18
13
18
16
16
18
23
18
16
12
24
17
12
17
17
20
16
20
19
18
19
16
12
17
21
18
15
22
18
19
21
22
22
21
16
22
13
17
19
13
17
22
11
15
18
13
21
17
13
10
14
15
20
16
17
12
12
18
21
16
21
15
17
13
19
15
19
22
20
16
14
17
18
13
17
