16
16
17
12
16
21
13
19
16
19
14
20
18
17
15
15
23
15
16
22
20
15
12
22
13
23
23
12
22
129
19
23
122
22
14
13
17
19
23
20
11
14
21
25
18
19
16
13
24
19
12
14
22
13
17
21
17
21
12
11
20
15
20
13
16
13
13
17
19
18
22
19
19
11
21
16
22
16
11
16
17
23
18
20
22
22
10
12
18
19
12
17
19
17
17
14
18
20
15
23
14
22
17
19
19
15
16
22
17
16
16
24
17
20
21
14
20
16
18
18
20
17
17
13
15
20
16
14
16
20
15
14
18
23
12
17
13
19
24
14
17
12
15
15
17
17
17
18
20
23
12
17
19
18
19
17
12
16
17
19
17
23
13
16
19
19
20
18
11
13
12
21
13
18
17
19
17
124
18
16
17
16
14
18
23
15
19
21
15
17
12
14
26
24
126
14
14
14
18
14
20
20
16
15
26
14
17
16
20
15
16
2
20
22
20
22
15
19
118
18
13
12
17
14
22
20
21
13
23
19
21
16
15
9
10
11
21
13
126
17
21
12
16
14
25
20
18
14
12
121
15
21
10
17
20
16
16
16
12
15
10
24
19
16
14
12
20
15
22
17
16
16
20
20
15
14
23
17
12
19
20
18
15
16
18
12
14
20
12
14
19
22
19
13
16
21
18
17
18
17
22
19
23
121
16
12
17
23
15
18
15
18
22
119
17
18
17
20
19
12
16
15
16
21
13
13
16
15
17
17
21
18
20
16
21
15
19
14
12
12
19
9
21
20
18
18
15
16
22
17
13
17
14
14
19
14
17
13
24
19
17
17
16
23
26
119
18
16
10
15
14
16
23
19
15
16
19
14
22
21
15
24
17
9
23
22
12
23
13
27
18
13
13
21
0
10
23
15
14
14
20
16
21
13
19
