14
16
12
16
16
18
10
20
13
13
9
18
19
18
10
19
14
17
20
16
16
17
19
19
16
17
18
20
17
14
17
26
22
12
12
9
24
13
19
15
18
18
18
17
12
12
17
20
24
14
15
20
21
15
17
15
19
16
15
17
19
17
22
11
16
16
13
21
20
13
15
17
19
18
18
12
17
16
20
10
22
11
12
16
19
16
17
13
14
15
15
19
13
15
12
16
23
19
18
15
12
12
12
15
18
16
19
19
14
16
19
24
17
16
13
17
17
20
16
16
23
12
16
20
15
17
25
16
18
12
19
24
17
18
14
15
21
18
19
17
16
18
17
16
19
21
20
14
15
16
12
13
21
23
22
19
15
21
21
21
16
15
13
15
16
17
18
12
18
17
19
15
14
25
14
21
19
20
15
14
21
13
15
14
18
10
16
20
16
16
21
12
17
21
21
16
14
12
15
19
14
18
15
21
17
21
16
20
16
19
15
22
19
12
18
15
16
19
21
16
16
13
13
19
20
15
16
16
17
16
10
16
10
17
11
14
18
9
18
17
18
11
19
14
21
19
16
13
11
18
18
15
16
18
13
15
17
19
16
18
12
19
16
16
13
18
15
15
20
21
13
17
21
21
15
17
17
18
18
15
18
23
17
12
21
11
21
15
16
20
16
15
13
13
15
16
16
16
11
16
18
19
16
15
11
20
12
11
15
16
118
21
14
19
22
15
11
18
20
16
15
19
17
11
21
18
21
17
19
25
16
14
13
13
20
20
17
16
16
12
11
14
13
20
9
18
12
15
20
18
17
26
17
18
16
15
19
13
12
18
18
14
18
17
19
20
19
23
27
16
12
16
14
19
0
16
19
9
18
19
20
21
20
20
13
20
24
10
10
16
25
15
20
23
14
20
10
16
13
15
20
23
16
15
16
15
13
19
16
13
20
14
24
10
18
21
14
18
22
14
129
14
