17
20
11
18
14
20
14
21
23
16
11
120
14
11
15
13
15
14
115
15
23
12
13
16
23
21
15
22
15
14
17
21
19
18
2
17
21
19
14
15
13
15
22
19
14
21
12
23
21
19
18
19
18
16
18
12
13
17
18
17
18
15
22
122
16
18
19
15
18
21
10
17
12
20
18
17
17
19
14
13
22
16
18
9
16
16
17
16
19
21
17
22
20
14
18
19
21
18
19
16
20
15
17
13
21
17
14
116
16
25
22
21
11
16
13
21
21
20
18
15
19
15
22
16
21
19
13
20
16
16
11
18
12
18
19
15
20
21
23
14
11
12
20
20
15
6
18
18
12
22
20
15
14
20
13
17
15
18
14
18
12
18
11
12
16
20
16
11
24
20
20
19
15
12
19
22
17
14
14
16
16
15
16
19
14
25
19
14
14
18
12
16
18
16
9
20
18
25
15
19
129
15
20
21
17
20
19
21
18
17
17
18
13
22
15
19
17
21
20
14
13
14
16
21
12
22
20
18
0
21
22
20
16
22
19
16
14
22
21
18
15
15
17
15
19
17
17
19
23
13
13
15
13
14
15
12
14
13
17
22
21
19
14
17
19
20
16
17
23
20
17
21
13
17
17
18
14
21
16
19
19
17
15
15
26
18
19
14
19
18
17
15
14
17
17
18
21
22
18
19
14
17
18
19
14
9
15
21
18
19
21
11
15
19
15
18
14
19
21
16
24
16
18
19
14
13
21
13
16
16
20
14
16
12
15
18
11
21
19
24
13
15
12
14
18
18
19
9
25
19
18
10
16
14
17
15
18
15
13
18
17
19
16
21
16
16
15
21
14
18
17
18
14
23
24
18
18
13
17
20
19
17
8
19
20
17
19
16
16
16
20
15
19
18
19
17
16
22
20
17
16
21
20
16
11
19
16
