19
23
22
14
25
11
12
14
14
13
17
16
20
15
18
14
15
17
14
16
19
15
18
17
15
18
21
10
21
125
14
15
21
23
22
25
17
12
18
13
19
14
14
17
14
19
16
20
18
15
13
17
19
14
14
20
18
17
14
21
17
14
23
21
19
17
16
12
20
15
13
22
22
20
20
18
18
22
19
12
19
17
13
10
12
17
14
21
22
17
17
13
16
17
12
20
18
26
14
15
19
17
18
12
123
15
13
13
15
17
17
22
16
22
14
14
26
13
15
15
18
21
16
19
12
14
23
17
20
18
18
12
17
20
11
19
12
11
21
14
14
19
12
18
17
21
23
21
21
18
18
10
16
18
12
18
18
13
15
15
20
18
19
26
15
18
23
25
20
19
12
18
18
24
18
20
12
14
14
18
23
18
13
18
14
19
20
15
19
11
20
14
122
22
13
17
18
17
21
19
16
18
119
17
18
15
15
17
18
15
16
22
18
22
21
17
21
17
19
20
17
19
21
13
15
21
15
18
16
25
18
22
14
15
16
21
21
18
19
13
12
11
16
11
15
17
20
19
25
22
22
24
12
18
16
18
13
13
13
13
16
15
15
20
15
13
22
16
13
16
22
19
121
21
17
17
20
18
14
23
13
16
20
19
17
11
13
16
18
18
16
20
16
19
13
16
21
11
18
23
15
17
13
17
26
23
19
12
16
18
19
21
14
16
15
16
16
19
23
12
17
16
18
21
17
11
16
19
21
16
15
18
14
12
12
21
21
19
12
15
16
15
26
13
19
19
18
14
21
14
14
19
17
25
22
17
18
18
17
19
13
18
18
23
23
21
17
22
16
14
17
18
129
18
19
24
19
19
12
16
12
23
13
14
18
20
18
20
20
13
13
17
18
19
18
20
18
17
8
11
15
20
18
24
