13
18
20
18
20
15
14
23
16
18
24
12
22
14
17
18
14
21
21
17
20
11
22
11
20
15
11
15
15
16
18
16
20
18
21
14
15
122
18
21
14
20
18
13
18
17
11
16
18
17
19
19
13
18
12
24
15
13
19
20
14
17
17
16
17
25
16
21
22
12
11
12
0
16
19
16
17
23
19
23
15
13
16
17
14
17
14
14
17
15
11
18
15
26
18
17
14
19
14
12
12
17
18
18
16
20
13
14
14
20
16
16
19
16
20
20
18
18
13
14
15
15
15
21
14
15
10
9
16
16
16
17
15
18
15
18
123
22
15
23
9
14
18
16
21
18
10
12
16
20
13
12
18
20
24
15
14
10
18
118
14
16
19
16
14
19
19
17
16
18
15
17
16
14
14
20
11
16
16
15
18
121
16
6
22
14
19
16
23
16
15
18
22
21
14
19
12
18
18
15
15
19
16
13
10
18
26
16
14
13
16
16
16
20
13
15
16
13
20
12
14
22
9
8
11
19
20
11
15
19
16
16
13
11
12
16
15
21
17
19
14
15
26
21
16
21
17
15
17
16
15
17
22
8
15
17
15
10
11
16
25
23
15
20
14
14
23
16
22
22
16
21
19
19
17
16
16
13
22
15
14
16
19
24
20
18
11
19
22
17
17
15
24
14
18
10
15
10
23
15
12
18
20
10
21
10
17
15
18
14
14
20
13
18
18
9
18
21
18
15
14
14
14
18
21
15
14
19
18
12
16
15
16
20
14
20
16
12
16
20
0
17
12
20
17
19
18
17
18
21
24
17
24
20
20
18
22
17
11
16
22
19
14
18
20
15
14
15
12
13
17
18
13
20
18
10
21
16
15
12
16
16
21
12
19
13
16
15
20
24
19
16
13
14
17
12
13
17
11
12
14
12
17
14
18
14
21
22
21
20
17
15
17
19
19
21
17
20
14
13
15
