14
17
17
17
17
17
20
18
15
11
19
14
14
14
15
19
15
20
21
14
18
17
17
10
18
18
21
16
21
9
15
18
16
18
14
17
18
18
16
12
22
18
18
13
22
15
22
14
14
17
20
14
14
12
12
20
26
16
14
21
20
16
21
10
14
16
10
24
18
22
17
18
0
5
18
16
15
23
23
21
12
11
18
25
24
15
21
21
17
20
16
19
13
14
18
15
13
12
15
15
20
18
15
16
19
12
21
27
21
20
17
15
12
12
117
17
12
20
20
17
15
16
20
16
12
25
18
14
21
18
23
15
19
20
25
19
8
15
19
11
14
17
13
10
15
20
16
16
20
24
20
12
19
20
17
23
13
17
14
19
20
15
22
13
18
17
13
18
11
19
20
19
15
18
21
18
20
16
17
10
15
19
20
14
15
18
18
19
16
13
22
22
19
19
14
11
18
16
15
18
21
16
12
21
15
12
13
19
16
121
16
10
11
19
14
15
21
21
21
16
19
24
18
24
17
20
19
21
15
14
15
22
13
16
20
15
19
19
19
19
13
14
11
15
21
19
18
19
19
23
15
22
11
18
16
19
13
14
25
22
17
13
16
17
22
16
15
24
20
18
18
16
17
19
16
20
18
14
18
10
18
16
23
17
14
18
15
19
22
15
17
20
17
20
14
18
16
17
18
19
16
17
16
23
16
14
16
20
17
18
19
19
23
18
20
16
13
18
15
118
17
17
17
14
18
17
14
18
21
15
14
22
16
19
23
14
16
14
15
19
21
16
21
15
16
17
20
14
10
14
18
15
16
11
16
21
13
17
19
14
12
16
19
12
16
13
17
10
19
21
17
21
17
17
19
17
22
20
17
19
19
13
13
21
10
20
18
13
18
15
14
20
21
15
16
18
12
23
15
16
19
21
8
15
14
11
13
15
19
25
17
15
