14
13
22
12
9
18
14
16
19
12
14
14
17
20
19
16
16
11
19
20
15
20
17
17
19
22
22
15
18
24
19
13
13
20
18
21
14
17
17
13
18
23
21
21
14
21
11
18
17
14
18
19
16
18
22
21
13
13
12
16
14
19
16
16
15
11
19
13
17
13
15
21
19
15
22
18
14
17
20
16
20
21
14
18
15
19
16
23
20
119
18
17
10
24
18
22
17
12
18
20
23
18
21
18
16
17
13
17
18
18
18
23
17
19
13
18
15
19
16
17
23
11
11
11
19
28
14
18
17
14
15
22
16
19
18
21
21
16
17
19
20
20
21
16
21
20
10
15
18
9
18
15
22
21
12
12
21
19
19
19
16
21
14
21
15
16
19
14
18
16
14
14
19
21
16
9
22
13
23
22
12
14
14
16
18
20
18
21
21
18
8
14
21
11
21
17
26
15
15
10
15
12
17
20
16
22
15
20
14
20
21
19
19
19
14
11
17
18
19
16
18
17
16
15
13
14
13
21
12
17
13
19
15
16
120
18
21
14
18
25
21
15
13
16
19
19
13
13
17
18
23
16
13
12
11
12
14
14
17
11
17
18
19
9
16
18
20
19
14
16
17
22
16
20
20
15
16
15
15
12
16
16
15
14
13
13
21
20
13
10
10
18
12
13
19
9
22
14
20
13
18
15
17
19
17
16
20
20
3
16
22
19
23
17
14
21
9
17
15
15
17
23
16
20
18
12
21
18
14
14
15
15
20
16
22
25
17
15
15
16
12
14
14
13
17
20
20
13
19
21
21
19
16
10
21
15
13
17
14
18
13
15
11
20
12
15
23
15
20
20
0
15
19
15
20
19
13
23
21
11
13
18
12
14
22
20
17
20
18
17
14
18
19
22
14
16
23
14
24
21
16
15
22
24
20
22
15
18
14
22
16
14
16
17
