20
20
13
13
11
21
21
20
21
14
16
15
14
19
17
17
19
15
15
23
23
22
16
14
10
23
127
13
11
10
14
19
18
16
10
13
27
15
18
22
21
20
16
16
18
15
17
16
18
16
18
18
14
23
15
17
22
15
21
20
17
10
21
17
16
15
19
15
18
20
21
26
21
17
21
11
21
17
17
17
18
20
19
15
16
18
14
14
19
12
21
19
13
14
21
16
21
15
21
16
15
24
15
22
13
13
16
12
15
18
15
17
17
14
19
16
23
14
18
14
15
18
12
20
17
17
14
15
25
17
16
22
20
16
24
16
18
16
18
16
20
18
13
11
14
20
15
18
15
14
15
17
14
10
20
14
16
16
17
18
17
13
20
17
12
18
18
16
12
22
17
16
14
16
13
18
20
16
19
17
13
14
18
24
19
18
17
11
18
17
12
13
19
15
19
16
15
19
19
19
17
25
14
16
17
23
16
14
13
15
18
17
20
16
15
17
21
16
21
23
19
14
15
117
15
23
21
15
16
18
23
19
18
15
17
0
19
9
18
15
19
16
24
20
22
14
20
15
24
16
126
21
9
15
15
18
19
11
16
25
20
13
13
16
16
21
20
13
14
17
20
16
18
24
10
15
20
11
19
14
14
23
18
16
18
15
22
12
21
18
17
15
14
13
16
21
17
21
13
16
15
16
16
20
13
24
17
12
19
20
18
21
16
19
18
22
18
20
22
14
14
18
14
26
16
20
20
20
17
15
21
15
22
17
22
12
16
19
19
17
16
17
18
18
24
17
20
16
16
12
14
17
25
22
19
6
18
18
18
18
15
23
16
20
18
23
16
15
21
17
20
21
23
16
16
23
20
9
18
22
17
15
16
19
14
20
10
16
17
19
18
17
16
23
19
20
118
15
19
14
21
20
15
15
19
