15
17
26
14
17
128
24
18
16
18
21
14
12
13
21
19
22
11
22
18
16
15
13
11
14
25
19
21
21
20
20
16
20
13
25
22
21
15
9
16
18
14
17
24
15
120
14
16
20
16
21
11
117
120
17
18
25
16
21
18
17
16
16
17
21
17
22
13
17
17
19
14
21
15
19
18
18
17
15
22
19
19
13
22
18
22
11
13
123
14
19
14
15
14
18
15
18
15
18
16
14
17
18
15
19
12
14
18
16
13
24
14
18
12
12
15
20
18
21
9
11
15
19
22
22
21
15
15
20
12
17
20
17
19
14
17
19
13
20
14
13
14
13
20
19
123
15
18
15
16
17
18
20
10
16
0
17
15
17
16
15
15
16
12
20
10
15
20
15
18
18
13
11
16
12
18
12
21
17
14
17
11
19
14
12
18
17
15
124
16
20
16
15
10
15
14
14
15
16
22
16
9
17
13
15
16
15
15
14
15
19
20
21
13
24
14
20
16
22
10
16
10
17
21
19
18
14
17
15
22
10
16
21
21
17
15
17
12
16
15
16
14
15
12
21
19
17
15
16
18
20
15
14
18
16
27
11
22
11
14
13
17
18
18
16
13
19
21
23
15
19
227
17
12
14
19
13
17
21
18
19
15
21
17
12
13
21
13
15
19
18
14
16
18
16
22
10
15
19
20
16
17
19
17
18
11
14
18
22
21
16
16
22
25
16
21
17
11
18
16
13
10
14
18
14
20
16
20
10
22
19
21
15
20
18
13
16
19
11
12
20
12
15
13
15
12
14
13
19
22
14
10
11
21
18
18
11
18
19
17
17
16
13
13
16
15
10
18
15
15
14
21
20
23
19
20
21
15
14
16
18
16
11
21
19
21
19
18
22
13
14
12
14
22
15
22
15
19
18
16
22
17
16
13
21
19
23
19
13
20
11
19
16
16
17
18
18
