12
17
14
13
18
16
18
22
24
19
16
124
22
18
16
18
13
20
12
22
18
17
12
19
119
25
18
18
17
19
17
14
14
22
15
14
13
20
15
18
16
20
13
17
14
18
17
19
17
18
13
20
17
19
17
9
13
16
22
18
14
14
16
18
20
17
22
17
19
14
18
16
13
19
19
16
21
16
14
22
16
22
16
17
17
21
21
14
15
17
19
18
22
16
14
14
22
12
23
14
13
14
18
20
16
22
125
18
14
24
12
17
17
15
22
13
16
15
23
17
24
19
124
20
21
16
19
22
21
21
20
19
119
13
25
23
21
18
23
10
22
14
22
16
16
19
14
16
19
18
23
21
21
14
16
18
25
18
20
25
18
24
15
19
18
20
17
20
20
12
24
13
17
19
18
17
18
13
23
19
21
10
19
20
19
15
14
14
24
21
18
14
16
17
21
11
18
22
20
17
16
20
18
18
17
17
16
16
16
19
22
19
15
118
20
22
18
18
18
17
17
14
15
16
17
26
18
16
13
22
19
22
22
15
17
15
15
19
18
14
14
10
14
19
17
18
16
18
123
18
17
18
18
14
18
14
18
16
21
17
18
15
16
22
19
13
14
16
15
13
18
18
13
18
13
15
17
10
21
22
20
16
16
14
18
13
19
20
18
19
16
17
13
15
20
21
13
15
23
14
14
121
12
15
18
17
20
18
12
21
19
16
14
17
12
13
16
13
23
20
17
14
14
22
21
18
15
19
15
13
15
14
20
22
21
19
19
19
15
20
23
16
18
17
16
15
15
23
18
18
18
17
20
21
16
18
21
19
20
14
21
19
18
16
20
25
15
18
18
14
16
15
18
13
18
20
20
20
14
20
16
17
14
21
20
15
18
14
20
18
24
21
14
14
16
4
20
21
