20
24
20
13
16
13
17
18
17
25
15
18
18
15
18
9
21
19
21
18
21
22
19
21
15
24
14
14
17
21
17
15
23
15
16
22
10
17
16
19
14
18
14
17
22
25
13
15
15
20
15
20
14
20
19
18
20
20
17
13
11
17
18
16
16
14
14
18
18
17
11
20
18
22
21
22
23
17
14
22
15
23
19
19
16
16
17
20
20
16
13
11
12
17
20
14
16
18
17
12
17
19
22
10
16
19
12
15
17
21
21
21
20
16
19
18
11
15
17
18
18
18
17
16
9
13
17
22
23
16
21
22
17
15
18
17
20
15
125
21
16
18
21
17
20
20
15
13
19
20
17
19
14
19
2
14
21
16
17
18
14
20
22
15
17
18
16
19
19
22
18
16
14
18
18
12
10
20
18
16
20
16
15
14
23
23
17
15
21
18
13
18
16
15
13
24
17
22
9
25
13
17
23
18
14
10
120
21
24
18
13
16
15
20
11
18
14
15
21
19
21
22
15
18
21
13
12
20
16
17
13
13
19
17
19
24
20
20
16
17
16
23
24
21
17
12
18
20
19
18
12
16
18
25
15
21
12
23
20
19
14
17
21
22
20
14
22
15
18
24
13
14
16
125
17
9
18
113
18
18
15
25
14
19
13
18
15
18
17
16
20
22
15
16
13
20
16
21
12
16
11
21
13
17
20
19
16
16
15
16
14
17
15
16
20
17
21
10
20
22
16
21
16
19
11
17
19
15
20
21
17
14
14
15
15
16
21
19
19
12
15
18
14
16
19
17
14
20
23
17
14
18
15
19
16
13
18
17
12
15
17
21
7
19
17
21
17
18
14
16
18
22
12
14
19
21
21
14
19
14
21
16
21
19
16
17
15
16
15
20
18
19
17
14
17
12
23
17
15
12
15
17
18
20
19
19
