19
13
18
15
22
18
19
23
16
19
15
22
20
14
15
20
15
18
14
17
8
11
10
22
19
16
13
17
19
15
18
15
24
14
11
14
14
18
20
21
20
12
16
18
17
23
21
16
16
21
20
14
15
16
16
19
15
13
19
17
20
16
21
18
16
19
14
14
14
11
16
18
19
17
18
25
21
16
11
12
22
14
16
24
15
14
16
19
18
18
17
17
22
19
18
8
18
14
10
17
20
13
15
16
16
13
21
19
16
17
18
10
14
22
19
17
14
15
20
17
16
18
21
21
17
21
18
15
13
13
16
21
20
13
14
16
13
14
21
16
16
19
20
12
21
24
17
14
26
11
19
18
9
19
19
17
21
8
19
22
17
11
16
22
13
13
19
19
18
20
18
15
18
20
22
22
17
16
12
21
19
21
18
19
13
17
19
14
17
16
18
15
22
18
9
16
15
17
15
17
15
16
18
16
14
12
16
15
19
17
18
22
14
18
21
17
18
19
10
8
127
18
17
19
14
18
18
18
16
16
14
17
17
13
21
16
14
16
17
15
24
126
20
14
19
20
18
16
15
14
17
15
23
20
15
12
16
15
13
19
14
23
17
18
16
21
17
14
21
20
19
14
17
17
18
16
21
16
13
14
17
13
12
16
17
16
22
14
19
20
21
15
15
20
16
18
21
20
18
22
19
22
18
15
22
14
20
19
20
17
12
16
13
19
21
13
19
17
24
11
19
20
19
19
13
15
16
20
14
16
18
18
17
14
14
117
22
12
18
13
18
10
19
13
17
15
18
20
18
15
25
22
20
18
14
21
12
18
12
21
11
15
18
21
21
20
22
17
17
20
24
20
26
20
21
20
16
16
18
16
17
21
16
21
24
24
17
18
20
20
17
24
19
20
18
18
17
14
14
18
20
18
12
19
11
16
19
