16
12
20
15
17
17
14
13
18
17
14
20
22
20
14
26
21
20
13
17
14
16
13
21
16
16
15
22
11
20
18
14
14
16
16
21
16
18
18
16
17
20
12
16
21
20
21
9
14
13
19
14
18
16
18
14
19
18
22
21
19
14
18
18
15
14
16
21
17
15
16
20
21
14
15
22
19
18
14
14
9
12
16
20
9
16
19
12
25
15
21
9
16
10
21
14
22
14
12
21
12
19
120
15
19
17
22
14
21
17
21
20
19
20
21
18
21
16
15
21
21
18
16
20
21
12
18
14
23
14
13
20
24
17
18
14
16
17
18
13
8
18
19
16
20
19
20
17
18
20
16
18
18
16
18
11
17
15
18
12
14
22
14
19
14
14
20
20
14
21
16
19
18
14
17
21
14
14
21
15
15
17
24
20
13
23
17
18
22
15
14
15
15
18
20
12
21
14
13
13
9
15
12
15
13
23
11
14
17
10
16
14
15
15
12
14
16
19
22
22
15
14
15
20
11
18
23
20
19
17
15
17
13
17
15
15
19
14
21
24
16
16
19
18
22
17
18
14
17
15
14
18
13
21
16
17
17
15
15
14
14
19
15
20
18
19
18
17
23
13
19
16
10
17
15
16
15
13
19
16
15
16
12
23
16
21
16
17
13
20
12
18
18
21
15
19
17
16
17
20
14
21
18
13
16
18
18
17
12
15
119
17
19
15
23
12
22
18
10
20
13
13
12
23
19
19
18
19
16
10
19
18
18
12
16
22
19
17
19
19
18
13
22
14
17
15
13
22
18
12
20
17
15
14
20
14
20
10
21
13
17
16
115
19
14
17
14
15
19
13
14
13
20
19
18
19
14
14
16
14
15
14
11
18
22
15
16
8
15
16
19
18
15
20
14
18
17
18
14
118
13
10
22
17
18
11
15
20
18
16
19
19
18
23
16
23
