20
16
15
15
13
21
11
20
15
10
14
15
10
15
20
17
0
17
15
20
12
20
18
20
15
21
14
15
17
19
10
21
14
20
24
20
22
17
14
22
14
10
21
17
18
22
14
21
22
13
19
16
20
17
13
16
19
16
20
11
15
12
6
13
21
10
16
24
22
24
15
18
22
19
21
21
14
18
15
14
23
18
13
17
17
23
15
12
21
18
20
9
20
17
19
20
15
21
16
19
12
9
16
18
21
14
20
17
25
14
21
19
10
20
18
15
20
13
17
18
15
15
15
17
19
12
19
12
21
19
16
19
14
11
12
13
16
16
21
17
22
12
19
21
22
18
15
22
18
12
17
17
18
20
13
16
14
15
20
17
119
19
9
15
15
19
21
17
12
16
17
11
20
17
13
19
12
21
12
23
11
12
19
14
12
14
13
14
20
19
15
14
17
16
23
19
17
16
16
18
22
15
16
16
12
17
16
21
18
14
13
17
15
21
19
17
13
22
14
19
15
19
18
14
11
14
20
18
18
19
15
19
18
16
19
18
23
15
16
21
11
19
18
16
19
22
18
13
22
18
16
22
16
20
21
15
16
16
19
15
22
13
15
16
20
14
15
14
18
15
13
15
22
22
15
18
22
21
20
12
17
12
19
12
12
14
20
20
15
18
26
13
123
13
16
23
21
9
14
16
17
12
18
16
16
21
14
21
23
18
15
15
16
16
14
16
17
20
17
18
24
12
10
16
15
15
20
17
18
12
17
15
15
10
17
21
17
12
13
16
12
16
20
13
21
13
22
16
17
12
18
13
13
19
9
16
17
17
20
16
17
14
17
20
16
13
16
16
18
21
19
26
17
19
20
17
12
14
118
12
18
14
13
15
19
17
18
18
18
15
12
19
15
9
17
20
15
22
20
18
14
19
20
18
12
15
10
18
11
12
11
18
22
19
15
15
19
14
16
