16
16
14
18
14
19
0
13
24
15
24
12
16
11
16
18
18
13
14
15
12
21
24
19
21
20
15
19
17
122
17
15
20
18
17
26
14
15
20
15
18
20
17
17
19
19
20
22
22
18
23
17
18
22
14
19
20
21
18
19
16
20
17
17
15
16
16
16
21
19
24
24
15
13
18
13
14
19
16
17
14
18
15
15
15
12
17
16
23
13
20
21
17
15
23
16
24
22
15
19
17
21
17
16
120
16
17
21
21
16
19
12
21
13
16
13
17
22
122
18
23
21
22
20
21
12
16
20
20
23
16
15
10
18
15
23
20
11
12
17
19
18
15
20
17
15
17
17
19
17
15
20
19
25
14
21
11
15
12
13
21
18
24
21
19
15
14
16
14
12
19
13
19
18
15
16
23
20
18
20
17
18
19
21
15
23
15
16
12
15
22
12
17
19
14
13
18
18
18
19
16
13
18
15
13
13
14
18
14
16
17
19
16
21
18
13
18
15
18
16
13
20
20
16
20
22
14
21
15
21
19
11
15
17
17
22
16
19
14
24
18
24
16
16
14
15
17
17
16
19
15
18
17
11
16
16
15
16
19
15
17
13
13
16
18
13
19
17
14
20
18
12
15
21
20
16
16
15
11
16
16
23
20
13
117
15
20
14
17
16
17
17
18
15
21
18
17
22
14
18
13
9
16
14
19
22
27
15
23
15
21
16
11
12
15
16
15
13
24
15
19
21
12
18
16
16
22
17
12
21
20
21
17
23
17
24
20
16
15
21
19
15
12
19
18
17
12
18
21
14
16
12
22
21
18
16
22
18
22
19
16
14
24
14
14
17
17
17
18
17
14
14
20
20
15
16
21
18
12
11
13
19
20
12
124
20
20
23
16
21
13
14
17
15
18
14
17
19
21
21
16
17
21
18
16
20
19
